77
0
10 36 2536.3 22 2498.65 73 1613.26 14 1367.69 41 815.718 28 493.991 40 379.947 15 375.865 50 347.501 32 240.606 
1
10 2 1743.1 26 1528.29 9 827.541 4 810.672 27 474.708 64 451.135 54 275.558 31 262.291 20 257.911 40 208.541 
2
10 26 2012.17 1 1694.72 4 1521.94 64 843.167 9 512.964 40 435.049 51 270.052 27 269.93 28 242.253 76 238.809 
3
10 25 2442.53 55 2299.39 5 2200 48 1915.65 11 1443.97 71 1115.99 35 911.673 17 574.733 58 561.545 6 511.894 
4
10 64 2969.96 26 2320.35 40 2208.08 2 1400.41 76 1277.4 1 730.037 59 705.643 14 418.771 70 380.872 22 222.717 
5
10 11 2501.2 25 2488.29 35 2274.91 3 2164.69 6 1460.79 55 1353.2 34 848.826 48 766.755 75 643.804 46 431.214 
6
10 35 2447.09 11 2288.8 34 2273.09 46 1686.4 5 1475.72 7 940.769 25 912.874 37 691.691 3 501.651 47 468.581 
7
10 46 1807.65 47 1600.26 34 1474.23 20 1242.98 6 983.301 27 683.059 35 619.646 75 586.717 9 358.484 11 355 
8
10 58 1959.84 18 1839 71 1406.6 72 1259.28 48 852.5 66 683.826 30 648.983 55 487.305 29 390.437 10 352.082 
9
10 27 1475.66 20 1241.65 1 825.37 47 658.513 62 539.297 2 526.685 7 380.773 26 318.012 38 293.038 46 179.983 
10
10 30 1970.08 69 1952.15 67 1523.14 72 1461.73 43 792.52 18 770.447 19 396.999 8 375.52 63 290.346 21 241.554 
11
10 35 2582.78 5 2506.7 6 2271.26 25 2225.95 3 1418.92 34 1348.69 55 818.519 46 711.85 16 451.506 48 450.538 
12
10 32 3819.19 61 3797.06 15 3090.14 13 2682.71 45 1805.97 19 1340.47 49 841.317 43 539.4 24 521.155 73 353.855 
13
10 61 3576.76 19 3174.42 12 2752.81 43 1887.19 32 1635.4 15 968.695 67 810.339 45 472.407 50 440.403 69 362.063 
14
10 22 2299.18 28 1955.24 0 1445.38 51 662.413 36 650.283 4 486.226 24 319.742 26 293.975 73 275.664 54 224.947 
15
10 32 3974.4 45 3394.45 12 3106.51 49 2167.08 61 1918.23 24 1545.87 23 1007.12 13 948.219 70 592.433 19 370.58 
16
10 75 1666.93 38 1449.13 17 1002.48 47 727.369 62 597.467 11 589.505 20 473.97 37 460.771 5 387.124 27 268.467 
17
10 37 1881.27 75 1866.04 39 1056.22 34 1008.19 16 963.875 3 709.415 46 633.549 29 458.684 55 434.886 7 372.95 
18
10 8 1894.38 72 1781.15 58 1301.91 30 1281.94 10 742.456 71 725.03 68 682.873 66 423.139 69 406.303 48 392.027 
19
10 13 3239.92 43 2699.27 61 2369.06 67 1536.89 12 1413.51 69 723.69 32 723.252 33 431.595 15 396.791 10 361.643 
20
10 27 1665.82 47 1633.46 7 1307.35 9 1203.49 46 745.559 34 417.766 16 406.953 6 258.807 1 251.997 75 210.115 
21
10 44 929.391 60 897.35 57 635.151 56 475.648 10 294.22 53 261.35 33 190.182 30 182.015 42 105.538 72 103.101 
22
10 0 2553.53 14 2221.34 36 1540.09 28 1120.6 73 748.656 64 449.323 49 447.144 41 333.794 45 304.472 51 259.998 
23
10 70 4025.29 24 3466.52 59 3338.24 49 2252.94 76 2133.46 45 1564.8 40 1115.12 15 1004.1 32 567.979 64 501.112 
24
10 23 3481.73 70 2878.25 49 2567.37 45 2219.28 59 1864.24 15 1531.29 76 1102.11 32 915.66 40 551.981 12 497.632 
25
10 5 2498.99 3 2420.36 11 2235.45 55 2099.72 35 1530.9 48 1264.19 6 910.047 71 673.633 34 495.316 75 440.687 
26
10 4 2410.31 2 1933.07 64 1808.23 1 1419.9 40 989.735 76 538.774 28 424.801 9 296.763 59 271.008 14 265.008 
27
10 20 1692.04 9 1460.9 47 1185.23 7 724.926 38 511.949 1 474.184 46 373.916 2 279.356 16 232.878 34 201.045 
28
10 14 2041.58 22 1210.33 51 1136.77 0 544.721 54 517.159 26 498.636 70 353.704 2 276.288 36 214.232 23 211.931 
29
10 39 1862.37 66 1618.89 37 1148.46 68 788.771 58 724.963 11 522.797 17 482.588 8 439.887 35 345.266 63 282.092 
30
10 10 1961.67 72 1849.81 69 1530.47 18 1334.9 67 880.625 8 697.339 63 467.935 43 447.62 58 343.566 68 248.444 
31
10 62 1142.6 52 682.599 38 597.421 7 377.312 1 332.312 65 328.552 16 228.582 2 210.717 46 205.571 74 140.505 
32
10 15 3948.9 12 3821.66 61 2848.78 45 2769.45 13 1604.2 49 1407.2 24 934.285 19 685.589 23 573.375 70 335.896 
33
10 50 2174.22 56 1671.41 41 1327.89 73 646.455 19 540.774 60 525.813 43 349.081 36 298.32 49 221.135 67 200.424 
34
10 6 2294.27 35 2014.07 46 1979.88 7 1425.42 11 1374.52 5 866.645 17 817.336 47 755.719 25 500.967 37 448.311 
35
10 11 2589.81 6 2432.54 5 2283.67 34 1983.06 25 1525.72 46 1126.74 3 891.65 7 588.641 39 542.372 55 485.881 
36
10 73 2521.84 0 2498.51 41 1596.48 22 1487.84 50 776.509 14 612.572 76 324.886 12 294.258 33 285.518 28 194.747 
37
10 17 1890.31 39 1888.65 29 1098.53 75 1080.42 6 865.671 55 836.189 34 553.436 48 543.608 16 443.925 66 431.825 
38
10 16 1502.74 62 1244.27 75 842.52 27 608.875 6 601.414 31 546.575 17 398.994 35 397.007 9 344.329 11 242.067 
39
10 37 1916.25 29 1819.22 17 1079.64 48 973.991 66 969.31 35 697.096 71 643.312 75 476.885 6 443.808 68 361.503 
40
10 76 3636.55 64 3422.75 59 2959.16 4 2084.93 70 1933.57 23 1144.29 26 886.076 24 576.076 2 375.976 0 314.652 
41
10 73 2381.32 50 2275.24 36 1604.43 33 1278.05 0 811.796 61 502.972 56 466.491 22 329.673 13 314.981 70 269.705 
42
10 53 872.15 63 799.618 57 483.672 68 364.896 69 271.453 44 266.604 67 175.005 66 170.619 21 105.069 43 97.5741 
43
10 19 2770.15 67 2283.47 13 1989.93 69 1424.45 61 1076.84 10 735.289 12 595.431 56 463.004 30 419.764 33 289.374 
44
10 57 1108.29 21 971.92 53 706.757 60 457.546 42 272.876 56 188.044 63 99.9152 18 93.1895 33 61.1201 8 42.3857 
45
10 15 3409.26 32 2787.39 49 2468.05 24 2220.2 12 1807.73 23 1554.05 61 1002.48 70 962.476 59 538.711 13 454.694 
46
10 34 2008.26 7 1770.21 6 1728.67 47 1219.6 35 1164.67 11 740.694 20 694.263 17 524.834 5 450.58 27 347.748 
47
10 7 1640.94 20 1595.6 46 1280.33 27 1137.74 34 802.575 9 626.073 16 609.476 6 501.079 75 369.313 35 309.475 
48
10 55 2220.05 71 2017.33 3 1971.69 58 1462.86 25 1314.26 5 805.874 39 800.97 8 790.326 11 474.828 37 455.944 
49
10 24 2569.22 45 2464.26 23 2240.82 15 2148.11 70 1481.61 32 1377.87 59 894.955 12 807.155 76 492.968 61 429.211 
50
10 41 2304.31 33 2118.73 73 1492.03 56 1036 36 790.864 13 559.226 19 352.554 0 350.455 24 311.464 60 229.265 
51
10 28 1196.7 54 982.198 14 728.101 74 470.31 2 322.115 22 292.535 1 222.637 59 176.972 65 175.434 0 116.977 
52
10 31 704.37 65 633.867 74 359.435 62 347.195 54 157.828 47 144.166 38 129.04 7 78.112 51 53.4281 16 43.0666 
53
10 57 944.839 42 904.805 44 706.287 63 490.381 21 273.842 68 143.813 60 101.242 66 66.871 56 40.3839 29 27.9685 
54
10 51 1039.67 74 967.354 28 577.163 65 502.732 1 342.015 14 261.812 52 156.424 9 110.627 22 94.0659 59 77.6051 
55
10 3 2324.34 48 2181.87 25 2142.63 71 1685.72 5 1392.86 58 893.714 11 846.725 37 682.727 35 505.434 8 442.217 
56
10 33 1732.46 50 1106.29 60 972.752 43 576 41 504.21 21 425.5 67 390.08 73 221.5 69 209.015 44 159.769 
57
10 44 1119.52 53 960.185 21 671.708 42 502.088 60 255.457 63 169.349 56 106.043 68 54.4816 33 27.5453 66 26.1417 
58
10 8 1902.68 71 1890.84 48 1531.91 18 1221.91 55 955.781 72 631.642 29 618.091 3 609.41 25 346.633 39 317.631 
59
10 70 4073.22 76 3769.56 23 3342.05 40 2881.76 24 1878.78 64 1575.22 49 933.131 4 637.9 45 564.622 15 323.562 
60
10 56 1024.23 21 847.276 33 569.448 44 408.697 69 294.418 50 255.885 57 226.533 10 175.158 41 102.753 30 98.266 
61
10 12 3823.08 13 3526.24 32 2862.65 19 2277.19 15 1919.01 45 1010.38 43 999.167 49 458.199 67 402.008 41 387.721 
62
10 38 1299.93 31 1094.35 9 652.791 16 647.742 52 326.254 34 306.566 75 280.045 6 199.269 1 162.051 35 124.895 
63
10 68 1258.41 42 767.681 66 708.172 30 554.229 53 468.481 10 342.012 29 317.961 69 207.77 57 159.427 39 144.651 
64
10 40 3487.64 4 2880.88 76 2694.31 26 1669.58 59 1660.74 70 955.261 2 747.227 23 539.385 1 392.176 22 382.852 
65
10 74 929.472 52 646.019 54 528.254 31 340.965 51 193.484 62 110.568 28 77.6258 38 40.2486 14 33.4727 76 23.5039 
66
10 29 1673.99 68 1437.36 39 1033.17 8 801.969 63 641.823 18 473.638 37 471.811 5 356.233 72 265.419 11 221.528 
67
10 43 2346.62 69 2095.79 19 1633.73 10 1459.6 13 886.935 30 849 72 461.077 61 453.881 56 329.745 12 245.8 
68
10 66 1501.83 63 1195.46 29 851.417 18 812.112 72 506.173 39 403.346 42 336.397 30 278.151 25 229.169 37 171.844 
69
10 67 2134.87 10 1923.11 43 1508.98 30 1503.77 72 794.768 19 787.052 18 415.081 13 407.212 60 251.124 42 215.541 
70
10 59 4079.64 23 4014.96 76 3206.74 24 2877.69 40 1886.92 49 1513.78 45 985.987 64 901.299 15 600.551 4 338.366 
71
10 48 2058.77 58 1843.98 55 1753.11 8 1331.45 3 1177.16 25 718.407 18 661.733 39 547.652 5 430.429 72 329.205 
72
10 18 1823.65 30 1819.22 10 1439.41 8 1332.71 69 796.964 58 691.171 67 465.584 68 441.51 71 367.894 66 246.52 
73
10 36 2516.11 41 2369.23 0 1589.77 50 1464.41 22 727.681 33 617.706 12 467.464 61 306.667 59 293.753 14 262.143 
74
10 54 1006.01 65 915.961 51 520.089 52 365.847 9 217.789 28 206.448 31 145.01 27 94.3063 14 88.408 20 50.5902 
75
10 17 1888.86 16 1624.49 37 1094 5 821.292 38 793.06 7 704.103 25 557.693 39 474.757 47 430.515 3 336.594 
76
10 59 3784.46 40 3585.52 70 3229.65 64 2584.99 23 2144.41 4 1175.18 24 1118.19 49 526.636 26 466.007 45 298.448 
