69
0
10 46 741.167 37 677.122 19 606.447 4 582.992 32 506.998 45 351.947 43 342.639 3 220.013 7 204.898 18 141.901 
1
10 25 1997.66 15 1702.23 39 1116.57 51 1106.11 47 1023.69 65 975.012 28 954.015 55 923.464 66 886.373 48 725.307 
2
10 60 1451.07 6 746.228 21 563.6 59 559.176 29 512.664 9 419.708 61 237.557 24 217.085 64 210.191 50 130.677 
3
10 18 1092.39 45 870.55 19 556.25 37 440.569 44 375.571 4 266.18 22 255.657 32 212.27 62 187.715 0 179.737 
4
10 37 2345.15 44 2025.94 43 1761.11 19 965.686 7 940.509 45 882.99 10 880.419 26 763.158 0 635.778 32 631.353 
5
10 54 1768.02 55 1654.36 30 1205.09 25 997.755 31 947.941 20 938.918 12 830.986 68 779.262 17 758.564 1 639.726 
6
10 61 1340.13 60 1160.94 2 742.131 63 715.861 9 617.592 50 603.448 49 561.784 59 459.166 40 447.774 36 412.108 
7
10 26 1801.77 14 1045.31 33 904.827 43 879.236 32 773.341 4 706.514 10 628.043 45 573.909 44 545.762 16 484.102 
8
10 33 2068.7 16 1985.76 38 1921.41 14 1794.46 66 1203.53 65 1060.33 48 1018.74 26 841.195 10 500.594 39 485.244 
9
10 59 1305.8 29 816.882 6 808.896 50 756.101 60 727.871 49 567.871 61 555.723 2 546.104 36 469.382 40 458.246 
10
10 43 1530.46 26 1070.54 32 1041.79 14 970.052 48 949.385 33 938.798 4 872.064 7 814.778 16 764.47 8 651.77 
11
10 35 2168.08 17 2043.05 68 1987.64 31 1376.39 20 1254.93 63 1233.71 58 859.978 30 717.174 49 705.92 36 699.628 
12
10 20 2038.87 31 1873.38 28 1725.09 47 1421.77 68 1173.15 17 1105.14 51 1083.9 39 790.714 25 764.237 55 694.16 
13
10 46 1124.91 27 893.704 41 245.692 58 167.109 36 160.49 50 143.225 49 142.523 0 123.285 62 121.966 9 113.377 
14
10 26 2415.09 16 2199.51 8 1816.71 7 1037.84 38 797.975 10 750.261 48 615.372 43 592.379 33 548.498 66 412.329 
15
10 1 1707.59 25 1251.09 48 1211.71 65 991.004 66 972.946 39 871.896 38 831.093 51 794.683 47 645.902 28 544.223 
16
10 33 2370.38 14 2183.35 8 1989 38 1537.4 26 1122.64 48 954.495 66 879.737 65 760.846 10 589.556 7 477.854 
17
10 31 2040.62 11 2034.06 23 1925.43 20 1891.67 12 1114.35 35 935.461 54 727.982 30 633.48 5 600.319 58 558.343 
18
10 3 1110.47 45 607.257 19 511.19 42 406.149 22 399.545 37 297.949 44 239.16 56 231.435 4 159.797 57 144.864 
19
10 37 1428.27 44 1231.06 4 966.048 32 794.244 3 728.592 45 702.559 0 669.015 18 653.513 22 589.413 43 435.658 
20
10 12 2047.96 68 1939.02 17 1881.37 11 1232.94 23 1113.32 28 1095.36 47 815.296 5 730.156 55 700.402 54 668.752 
21
10 64 874.164 2 591.626 24 505.52 29 376.622 60 373.668 53 312.181 57 256.291 59 229.886 52 202.059 9 127.462 
22
10 56 969.141 52 645.974 19 595.715 42 560.57 18 507.556 53 384.61 57 352.777 3 331.171 37 320.589 44 245.474 
23
10 35 2324.84 17 1931.42 68 1858.59 63 1380.8 31 1255.97 20 1130.11 58 885.504 49 743.518 36 737.024 30 711.248 
24
10 53 893.14 29 688.208 21 654.938 52 604.538 64 590.733 59 389.868 57 303.002 56 296.474 2 292.247 9 219.925 
25
10 1 1994.73 55 1293.94 15 1244.51 47 1084.62 28 1082.97 51 1080.06 39 1002.02 12 996.877 5 994.475 20 748.816 
26
10 14 2425.74 33 2205.98 7 1791.39 16 1143.96 43 891.31 8 863.527 10 826.189 32 664.605 4 573.908 44 426.905 
27
10 13 900.682 41 597.519 58 528.059 36 523.212 49 477.662 50 459.251 40 374.438 63 257.772 35 248.666 61 231.214 
28
10 51 2073.34 47 1877.26 12 1721.16 39 1672.16 20 1086.36 31 959.202 25 833.945 65 787.704 1 730.731 66 640.255 
29
10 59 1124.35 9 810.712 24 672.249 2 670.797 60 620.888 21 471.573 6 334.207 53 294.882 64 246.169 50 192.206 
30
10 54 1672.24 58 1419.65 5 1219.09 36 1142.19 11 914.548 23 908.401 55 850.423 17 810.348 68 803.225 49 744.307 
31
10 68 2092.24 17 2036.69 12 1892.12 11 1360.81 23 1241.68 28 973.744 5 743.509 47 720.285 54 694.873 55 683.413 
32
10 44 2308.3 37 1974.71 43 1917.78 10 1047.34 7 1022.23 26 877.473 19 791.497 45 757.752 4 631.32 62 559.45 
33
10 16 2381.56 26 2188.24 8 2090.04 38 980.339 7 895.892 10 721.746 48 659.396 14 547.932 43 529.445 66 502.895 
34
10 50 1339.03 58 1248.4 61 834.758 63 834.656 35 823.866 23 536.256 36 513.038 11 510.839 6 435.731 9 317.377 
35
10 63 2450.91 23 2341.95 11 2180.24 61 1477.51 36 1093.65 58 1035.62 17 954.889 68 907.729 50 728.97 34 643.963 
36
10 58 2470.69 50 2303.17 35 1413.78 63 1327.81 40 1311.51 49 1230.15 30 1173.94 61 1141.79 23 963.073 11 913.189 
37
10 4 2332.75 32 1965.89 19 1430.6 43 1116.54 45 1007.58 44 772.321 62 747.492 0 740.168 7 617.487 3 570.529 
38
10 66 2225.63 65 2151.32 8 1898.72 16 1506.19 39 1166.24 33 951.98 51 882.313 14 771.018 48 694.412 15 648.882 
39
10 51 2423.77 65 2357.01 66 2103.19 47 2086.53 28 1677.45 38 1138.9 1 862.13 12 796.015 25 774.852 15 669.094 
40
10 50 1796.16 58 1650.06 36 1323.04 30 683.928 23 668.912 11 633.459 6 591.198 9 457.836 27 424.331 54 394.481 
41
10 49 671.751 36 602.734 27 594.823 58 563.994 50 490.724 67 471.682 23 275.467 13 246.552 11 236.373 30 215.273 
42
10 57 745.988 56 517.611 22 448.209 52 440.463 18 410.562 53 300.635 64 249.456 3 181.699 19 136.022 24 106.112 
43
10 32 1915.83 4 1757.59 10 1534.75 44 1337.6 26 1169.83 7 1156.15 37 1115.43 14 775.399 33 695.164 48 536.506 
44
10 32 2304.41 4 2022.03 43 1342.57 19 1234.04 45 1026.43 37 774.235 7 731.985 62 707.794 10 618.297 26 569.791 
45
10 3 852.288 44 776.789 37 761.73 4 672.628 7 600.815 32 582.437 18 579.749 19 526.877 26 412.291 43 355.059 
46
10 13 1123.45 0 750.325 62 731.96 4 268.04 37 264.629 44 263.181 32 247.222 19 237.264 27 169.158 22 119.314 
47
10 51 2164.05 39 2087.1 28 1873.96 12 1417.51 65 1049.56 66 880.086 25 837.382 20 810.502 1 787.874 31 711.064 
48
10 8 1318.51 16 1236.08 15 1227.74 10 936.507 38 894.945 33 844.571 14 783.94 66 743.047 1 741.993 65 696.061 
49
10 58 2100.15 50 2054.9 63 1672.59 61 1560.53 36 1248.39 23 1011.03 11 959.628 30 799.146 6 751.566 41 714.365 
50
10 36 2319.41 49 2016.92 40 1787.89 58 1722.14 34 1320.57 61 1246.24 63 1111.76 35 955.424 6 780.545 9 751.438 
51
10 39 2426.45 47 2163.6 28 2075.41 65 1978.47 66 1691.64 12 1087.16 1 855.23 38 853.936 25 836.42 15 610.064 
52
10 53 1241.51 56 1078.48 57 675.509 22 643.032 24 623.392 42 535.348 64 458.877 21 267.004 29 164.179 18 139.61 
53
10 52 1232.17 24 911.284 56 772.406 57 587.25 64 564.569 21 410.617 22 379.134 42 359.028 29 309.948 59 148.61 
54
10 5 1773.68 30 1657 55 1392.5 58 960.503 17 927.081 68 921.064 31 888.969 20 861.813 11 817.824 23 787.345 
55
10 5 1650.09 54 1386.1 25 1296.09 1 920.613 20 900.593 12 895.445 31 869.807 30 840.036 28 694.682 68 649.926 
56
10 52 1081.91 22 964.444 53 781.394 42 636.607 57 580.666 24 308.634 18 286.755 64 266.583 19 259.765 3 147.684 
57
10 42 727.165 64 613.866 52 539.64 53 475.906 56 461.697 21 279.618 22 276.806 24 251.828 18 141.731 29 67.3838 
58
10 36 2460.53 49 2025.97 50 1695.76 40 1626.22 30 1444.91 35 1332.07 34 1216.11 63 1154.34 23 1149.7 11 1113.94 
59
10 9 1297.87 29 1128.17 60 822.999 2 732.542 6 604.717 50 421.619 24 377.72 61 319.033 21 283.176 49 275.755 
60
10 2 1456.41 6 1162.03 59 627.41 9 558.127 61 479.878 29 472.999 21 350.524 50 242.269 49 189.11 63 186.535 
61
10 63 2097.16 35 1484.15 6 1341.54 49 1182.75 50 962.474 36 890.359 58 685.547 34 660.835 23 599.35 11 521.954 
62
10 46 717.187 37 677.699 44 643.696 32 511.355 45 350.816 43 342.105 3 227.668 7 200.945 18 144.525 10 141.503 
63
10 35 2458.29 61 2095.63 23 1401.41 49 1264.37 11 1250.98 36 1031.5 58 902.956 50 853.894 6 714.806 34 659.062 
64
10 21 899.639 57 585.253 24 466.201 53 440.182 52 355.914 2 231.446 42 229.138 56 206.77 29 203.455 60 123.955 
65
10 39 2369.35 38 2128.5 51 1994.3 47 1065.05 8 1027.21 28 807.836 15 762.208 1 751.589 16 726.612 48 534.739 
66
10 38 2205.91 39 2118.76 51 1710.21 8 1172.46 47 897.062 16 845.421 15 752.387 1 685.971 28 660.595 48 573.213 
67
10 41 474.478 36 413.435 50 362.49 58 340.41 27 192.291 30 141.413 23 102.535 9 96.4503 11 86.378 54 71.1525 
68
10 31 2098.37 11 1977.59 20 1953.76 23 1852.45 12 1184.24 35 886.268 54 724.55 30 628.206 5 616.441 58 535.366 
