75
0
10 44 1714.99 47 1454.6 23 1315.91 22 1141.59 73 1011.43 51 811.288 67 754.681 74 600.265 12 437.219 66 345.959 
1
10 24 1580.02 17 1376.77 61 1349.81 69 1241.3 32 818.153 18 709.769 38 274.742 3 193.364 63 156.55 13 126.586 
2
10 16 1239.83 72 900.533 25 815.976 49 782.535 60 618.221 56 512.869 43 409.005 54 332.264 37 322.298 29 240.62 
3
10 13 1330.83 39 1257.36 38 1216.01 18 874.342 70 596.554 69 506.563 26 348.477 57 268.111 24 242.868 1 192.218 
4
10 15 236.85 5 155.635 42 51.1461 9 50.041 41 45.5073 59 43.4695 28 42.579 53 36.476 45 18.797 57 8.48777 
5
10 28 176.725 4 171.145 15 74.3026 7 54.8432 9 27.428 42 24.1207 41 19.0021 21 13.9682 59 11.6434 53 8.96634 
6
10 30 1317.09 50 1025.76 10 963.699 33 770.067 36 746.97 40 614.943 63 522.061 35 272.287 32 232.056 61 188.066 
7
10 21 265.505 28 211.444 72 96.6611 2 92.7815 16 84.1698 49 69.7646 56 63.4513 5 58.1365 54 54.6176 25 53.4004 
8
10 27 2695.14 64 2295.72 52 840.029 19 151.969 62 139.321 35 104.346 47 88.1373 68 73.1154 67 72.3199 0 67.6878 
9
10 41 1438.69 42 1335.12 11 1259.14 65 1214.71 59 1048.25 71 769.938 53 700.619 20 510.794 29 353.732 45 234.511 
10
10 30 1308.51 50 1165.8 48 1091.25 6 955.406 36 901.16 33 737.963 40 587.783 63 473.142 35 335.127 32 230.009 
11
10 9 1244.21 65 1204.73 20 1094.78 71 1046.04 42 944.491 29 820.776 41 672.335 37 512.718 59 405.392 43 375.721 
12
10 46 1530 51 1520.05 66 1396.22 74 1334.92 73 1178.56 34 1058.7 23 889.606 14 748.932 44 656.751 22 562.334 
13
10 38 1374.76 3 1357.35 39 1054.7 70 803.422 18 589.989 26 506.833 57 368.992 69 348.717 45 220.524 24 152.896 
14
10 46 1369.71 34 1329.54 54 1201.32 66 990.422 56 837.944 12 750.042 74 533.327 51 390.058 73 322.656 49 309.958 
15
10 4 223.656 5 63.0267 59 48.0684 53 44.7855 42 43.0634 9 40.368 41 40.2527 45 34.0788 57 23.9168 26 22.2897 
16
10 2 1211.09 60 1091.12 72 1010.53 25 922.144 43 732.569 49 670.008 37 575.075 29 392.356 56 311.199 20 302.766 
17
10 61 1503.51 24 1441.2 1 1393.63 32 1376.41 69 630.124 18 342.37 63 317.249 40 251.108 33 184.109 10 148.511 
18
10 69 1090.81 38 1026.27 24 924 3 883.673 1 691.269 13 587.066 39 360.902 17 325.166 61 221.576 70 202.624 
19
10 52 830.847 58 626.08 64 464.955 27 278.199 55 263.594 44 251.678 22 244.349 23 220.677 0 208.903 47 192.31 
20
10 37 1277.23 71 1213.75 29 1101.13 11 1091.54 43 993.895 65 778.384 60 653.678 9 515.07 25 454.469 42 360.539 
21
10 7 275.127 55 81.5306 54 73.896 14 68.5966 56 64.6501 28 60.3389 34 58.5627 46 45.3836 49 41.0296 2 40.2772 
22
10 23 1683.08 67 1645.02 47 1477.79 44 1277.9 73 1254.9 0 1140.71 51 1006.42 74 771.245 12 561.17 66 439.253 
23
10 22 1674.79 51 1613.71 73 1316.18 0 1303.72 44 1288.89 74 1187.42 67 1057.16 47 902.233 12 886.948 66 730.502 
24
10 1 1552.92 17 1401.13 69 1224.04 61 1007.98 18 941.158 32 588.592 38 365.827 3 246.918 13 154.324 63 118.857 
25
10 43 1209.56 72 1087.49 60 1058.63 37 938.111 16 925.208 2 806.195 29 610.394 20 462.275 49 431.551 71 323.243 
26
10 45 1166.7 70 1027.3 57 966.383 39 807.251 13 545.973 53 431.496 3 377.779 38 282.791 59 270.236 41 181.981 
27
10 8 2702.68 64 2299.34 68 2136.88 52 1325.27 31 913.942 19 272.745 47 126.952 62 122.679 67 100.173 0 94.1381 
28
10 7 200.711 5 184.945 16 70.299 72 70.1891 21 57.8156 2 57.2868 4 48.9582 49 31.4424 56 25.2061 15 18.8325 
29
10 71 1345.05 43 1277.39 37 1230.78 20 1103.34 60 863.593 11 818.366 25 605.785 65 542.946 16 381.592 9 359.489 
30
10 6 1293.8 10 1290.31 50 1075.63 36 1040.1 48 781.516 33 599.536 40 477.115 35 440.948 63 368.24 32 189.677 
31
10 27 905.673 64 622.849 52 216.596 62 46.0859 19 42.489 35 31.1622 8 20.1603 47 18.7242 36 14.0781 67 12.5176 
32
10 17 1429.84 61 1312.78 1 861.346 24 628.076 63 488.458 40 412.96 33 314.107 69 239.527 10 222.056 6 220.096 
33
10 40 849.436 63 811.055 48 773.19 6 761.109 10 733.364 30 600.387 50 454.132 32 329.897 36 317.66 61 250.345 
34
10 66 1504.63 14 1332.5 46 1327.52 12 1068.67 54 1066.6 74 805.809 51 601.016 56 596.901 73 459.851 23 345.685 
35
10 36 560.568 50 552.614 62 467.197 30 429.487 10 327.987 6 263.377 48 200.044 8 140.94 33 136.137 40 110.912 
36
10 30 1027.54 50 987.447 10 884.63 6 729.445 35 555.366 48 452.755 62 384.382 33 311.818 40 246.527 63 206.4 
37
10 20 1279.16 60 1238.12 29 1230.04 43 1029.82 25 940.753 71 898.267 16 567.847 11 514.503 72 411.125 65 334.126 
38
10 13 1346.04 3 1214.91 18 1020.41 39 858.514 69 721.29 70 444.96 24 360.551 1 272.044 26 261.27 57 211.171 
39
10 3 1311.6 13 1076.3 70 909.298 38 898.61 26 748.389 57 581.116 18 368.363 45 344.656 69 226.627 53 133.239 
40
10 33 851.861 63 788.339 48 645.891 6 604.415 10 578.292 30 476.202 32 437.485 61 352.625 50 331.055 17 271.863 
41
10 9 1439.32 42 1425.09 59 1359.72 53 1341.83 65 950.346 11 672.569 45 468.619 71 386.689 57 253.459 20 252.069 
42
10 41 1425.52 59 1407.58 9 1338.69 65 1304.65 53 992.456 11 954.022 71 545.529 20 357.558 45 347.401 29 251.285 
43
10 29 1273.01 25 1224.52 60 1089.96 37 1028.63 20 995.985 16 736.273 71 660.29 72 525.777 2 401.418 11 376.436 
44
10 0 1699.49 67 1503.68 73 1487.22 23 1291.86 47 1280.01 22 1275.49 51 1134.91 74 851.426 12 656.805 66 505.717 
45
10 26 1202.14 57 1173.4 53 817.155 70 711.938 59 693.416 41 466.605 39 371.568 42 344.398 13 234.475 9 232.956 
46
10 12 1543.15 14 1370.21 66 1341.32 34 1324.54 74 1126.03 51 842.521 54 793.657 73 701.34 23 507.395 56 429.809 
47
10 22 1476.94 0 1436.66 44 1289.73 23 906.111 73 724.188 51 567.974 74 420.664 12 305.539 52 273.671 19 249.865 
48
10 10 1089.67 30 786.628 33 769.598 40 642.808 50 611.173 63 559.303 36 456.189 32 225.949 35 199.835 61 189.901 
49
10 72 839.565 2 805.532 16 698.633 56 652.422 54 514.727 25 447.016 60 350.107 14 314.524 43 222.885 34 196.46 
50
10 10 1146.63 30 1069.28 6 1005.64 36 990.482 48 604.748 35 556.214 33 447.911 40 328.94 63 267.249 62 260.106 
51
10 23 1611.79 12 1518.47 74 1316.66 73 1239.96 44 1129.95 66 1129.26 22 1006.02 46 842.798 0 810.67 67 671.494 
52
10 64 1647.51 27 1326.95 8 847.038 19 820.328 68 529.36 58 253.248 31 220.722 47 210.798 67 180.798 0 178.618 
53
10 41 1333.03 59 1236.13 42 989.342 45 818.596 9 699.052 57 598.725 26 441.438 65 425.034 11 276.983 70 228.568 
54
10 14 1192.11 34 1058.5 56 938.263 46 787.801 66 547.386 49 510.646 12 383.82 2 334.516 74 279.33 72 267.611 
55
10 58 470.607 19 270.379 12 159.453 74 159.418 51 156.75 73 146.149 66 135.828 23 125.946 46 109.541 44 104.856 
56
10 54 931.603 14 827.059 49 651.831 34 586.891 2 525.836 72 449.001 46 420.085 16 322.358 66 297.909 12 211.217 
57
10 45 1160.33 70 1110.82 26 989.589 39 631.663 53 594.829 59 406.381 13 397.194 3 290.529 41 252.693 38 227.931 
58
10 19 629.279 55 465.653 52 260.402 73 195.366 23 190.818 51 184.309 44 179.446 74 161.781 22 158.589 12 122.926 
59
10 42 1407.92 41 1361 53 1240.31 9 1051.3 45 693.836 65 637.179 57 406.726 11 405.494 26 274.626 71 216.195 
60
10 37 1230.96 16 1095.63 43 1084.56 25 1059.82 29 865.952 72 815.544 20 662.546 2 604.393 71 433.169 49 338.08 
61
10 17 1531.43 1 1385.02 32 1283.82 24 1053.18 69 418.609 63 395.119 40 328.993 33 235.16 18 233.774 48 182.144 
62
10 35 472.483 36 380.508 50 255.364 8 189.847 27 166.756 30 164.063 68 140.114 10 134.842 47 126.146 6 104.833 
63
10 33 810.158 40 784.036 48 556.213 32 517.78 6 506.114 10 461.442 61 427.627 30 364.203 17 348.102 50 264.773 
64
10 8 2304.69 27 2297.48 52 1642.7 68 1441.03 31 633.431 19 456.707 47 150.534 67 129.098 0 121.748 22 104.706 
65
10 42 1288.95 11 1211.56 9 1198.13 71 1139.99 41 947.88 20 781.087 59 634.928 29 540.957 53 425.761 37 329.757 
66
10 74 1556.38 34 1497.74 12 1402.83 46 1336.14 51 1128.94 14 991.009 73 932.406 23 724.9 54 555.45 44 497.878 
67
10 22 1640.42 44 1513.17 23 1059.06 73 855.893 0 749.094 51 667.106 74 489.623 12 366.011 66 301.422 19 250.323 
68
10 27 2127.42 64 1448.87 52 535.707 62 100.269 19 85.1665 35 76.8394 8 72.7416 36 50.8437 47 36.0275 50 32.8489 
69
10 1 1234.46 24 1231.37 18 1105.25 38 731.594 17 612.063 3 512.323 61 405.047 13 347.512 32 228.312 39 221.65 
70
10 57 1040.5 26 979.65 39 946.946 13 847.783 45 675.262 3 635.773 38 470.973 53 220.791 18 209.032 59 152.46 
71
10 29 1344.24 20 1212.96 65 1134.26 11 1047.44 37 893.667 9 772.419 43 653.084 42 548.203 60 422.705 41 392.227 
72
10 25 1082.33 16 1019.69 2 879.5 60 820.66 49 805.799 43 529.441 56 433.211 37 419.993 29 305.482 54 262.64 
73
10 74 1589.47 44 1474.95 23 1316.23 22 1249.4 51 1236.12 12 1170.87 0 1003.38 66 932.581 67 853.989 47 719.618 
74
10 73 1594.35 66 1551.87 12 1332.5 51 1318.05 23 1186.94 46 1120.09 44 850.104 34 805.213 22 775.085 0 602.346 
