29
0
10 20 156.237 16 141.973 17 55.8324 18 16.386 10 4.99866 13 1.47039 22 1.01663 21 0.95502 24 0.457742 9 0.216141 
1
10 27 729.88 11 635.798 23 309.213 12 240.31 3 238.385 14 130.882 19 26.6797 2 23.2992 7 3.30354 6 1.96277 
2
10 23 730.819 15 597.878 14 557.335 27 535.094 12 354.52 6 328.219 8 65.3754 26 54.0843 1 25.7 11 11.3014 
3
10 11 222.61 1 212.918 19 159.369 7 112.983 28 45.7783 27 11.8125 5 5.0956 12 4.32175 14 2.2226 23 1.82729 
4
10 5 66.339 13 54.4022 25 50.7605 28 23.2783 21 21.0472 7 2.20444 19 0.934629 20 0.837252 17 0.368823 3 0.0347749 
5
10 28 119.811 7 91.5289 4 60.3879 19 38.2054 25 32.9427 3 4.99518 21 4.20997 13 1.6469 11 0.501005 1 0.0153259 
6
10 14 605.471 26 448.18 15 332.005 2 254.789 12 252.602 8 124.717 22 40.7301 23 34.5327 27 30.1008 9 28.5475 
7
10 19 127.65 3 115.201 5 96.1453 28 89.6976 11 14.602 25 6.83075 1 3.04467 4 2.09946 21 0.191812 27 0.0395509 
8
10 26 242.454 15 237.375 6 144.032 9 132.898 2 63.9701 22 53.2113 24 17.724 14 16.5572 10 6.79799 27 0.528378 
9
10 24 151.504 22 137.323 8 127.934 26 90.5322 15 39.2757 10 37.6084 6 30.6887 18 4.41456 16 0.380917 0 0.234712 
10
10 24 76.8737 22 67.4027 18 38.0436 16 34.6279 9 32.5461 26 14.7774 8 5.9078 0 5.30942 6 3.96917 17 1.8768 
11
10 1 485.894 12 225.271 3 197.112 14 143.184 27 133.521 19 124.292 23 38.6907 7 13.3892 28 9.41163 2 8.77485 
12
10 14 1681.46 27 627.213 23 419.989 2 289.798 6 262.995 11 260.455 1 212.373 15 76.0665 26 7.59983 3 4.26836 
13
10 21 205.356 20 126.141 4 54.7316 25 20.5538 17 16.4749 5 1.90209 0 1.35429 28 0.890378 16 0.703069 10 0.0323643 
14
10 12 1668.38 6 632.199 27 521.144 2 448.59 23 390.265 11 162.66 1 115.609 15 82.4585 26 69.8309 8 15.4994 
15
10 2 579.272 6 405.957 8 240.206 26 215.563 14 96.4846 12 83.6605 23 78.0903 27 62.5063 9 41.5786 22 9.3216 
16
10 0 118.996 17 50.5746 10 32.3902 20 16.8985 18 14.6146 22 5.34599 24 2.02135 21 1.64749 26 1.37501 13 0.818031 
17
10 20 160.792 16 49.2992 0 44.8062 21 36.6165 13 13.6534 25 5.2548 10 1.78145 4 0.343718 18 0.0127983 24 0.00636074 
18
10 24 74.2831 10 46.2156 16 18.1585 0 17.866 9 4.31261 22 2.84815 26 0.905054 8 0.453029 20 0.432868 6 0.215557 
19
10 3 149.636 28 133.377 11 125.726 7 117.613 5 36.6346 1 23.5802 25 4.06503 14 1.86001 12 1.53947 4 0.827737 
20
10 17 198.44 0 152.522 13 124.341 21 29.1693 16 18.1651 25 4.3889 4 0.817843 10 0.63457 18 0.345155 22 0.00422002 
21
10 13 161.483 17 36.0284 20 23.9204 4 18.7979 25 15.4056 5 4.11662 28 2.92138 16 1.55237 0 0.859008 7 0.185386 
22
10 26 190.342 9 120.988 10 70.0986 24 56.0081 8 47.1834 6 40.1556 15 8.21391 16 6.08377 18 2.72671 14 2.39615 
23
10 27 1418.07 2 773.289 12 547.839 14 522.618 1 362.283 15 83.7799 11 60.5563 6 48.5929 3 2.4074 26 0.193902 
24
10 9 149.295 10 97.09 18 75.3818 22 63.2601 8 17.1428 26 11.7649 16 2.4426 6 0.933557 0 0.525012 15 0.500331 
25
10 4 49.2076 28 44.3973 5 35.388 13 19.7809 21 17.3261 7 6.81286 17 5.48308 19 4.47163 20 4.2421 3 0.419243 
26
10 6 434.556 8 207.529 22 183.425 15 180.958 9 83.257 14 64.8391 2 45.055 10 14.4625 24 10.6464 12 7.3403 
27
10 23 1302.79 1 784.841 12 754.611 14 636.977 2 522.018 11 188.635 15 63.3928 6 37.8553 3 14.1884 26 1.03745 
28
10 19 140.021 5 120.703 7 86.4334 3 43.6569 25 42.85 4 21.8717 11 10.1871 21 3.20362 13 0.798066 1 0.239832 
