174
0
10 136 2715.48 171 2172.18 62 1637.02 110 1477.62 86 1324.35 166 1274.73 131 965.08 170 894.362 103 848.033 38 846.455 
1
10 147 4603.83 109 4276.72 169 3553.49 91 3225.21 61 3193.5 45 2470.42 96 2004.72 78 1545.55 80 1533.11 113 1154.54 
2
10 137 2761.29 57 2323.12 6 1958.36 24 1523.77 75 995.583 134 663.929 113 517.512 78 359.796 44 341.145 127 185.136 
3
10 153 947.339 42 812.946 67 655.165 4 589.807 64 513.869 151 400.051 97 371.51 54 279.973 76 243.253 140 233.873 
4
10 140 1180.91 67 845.187 64 683.694 3 638.221 68 431.782 100 423.798 7 390.061 15 352.396 36 330.69 153 292.304 
5
10 83 1412.47 12 1064.24 63 579.508 34 485.346 82 431.75 76 403.636 25 306.602 74 241.231 97 180.562 114 171.758 
6
10 57 3314.24 137 2239.51 2 1969.3 24 1431.79 113 1306.4 78 686.553 75 680.052 45 453.846 134 371.053 169 178.115 
7
10 105 1851.57 140 1455.19 43 1139.56 158 1096.14 64 665.16 144 633.44 150 522.369 25 499.433 114 438.935 4 378.043 
8
10 81 1089.03 9 972.201 168 892.298 56 655.899 13 447.057 172 389.656 121 346.641 20 317.661 115 302.165 170 281.329 
9
10 8 990.566 116 797.478 32 657.231 56 556.038 20 533.934 168 449.471 81 353.072 115 316.357 71 246.023 146 244.25 
10
10 23 927.448 100 876.96 72 863.26 36 715.047 95 621.915 67 239.519 107 236.98 15 226.416 4 188.905 153 112.854 
11
10 70 916.361 17 474.301 128 392.107 49 309.226 112 294.082 160 237.517 161 224.661 130 188.048 52 176.572 27 175.759 
12
10 82 1443.15 5 1091.4 74 1041.63 119 621.113 83 492.334 71 440.03 146 417.26 18 379.485 155 268.956 16 253.498 
13
10 66 837.077 8 515.058 0 374.049 77 313.924 46 302.814 168 288.601 171 249.765 110 212.439 136 208.94 170 194.524 
14
10 32 1260.53 116 1102.16 129 1065.04 154 879.112 16 755.936 18 533.713 73 433.916 47 414.277 20 317.012 35 298.953 
15
10 120 1272.03 100 877.528 108 846.673 36 754.645 144 528.546 150 448.86 92 404.085 140 297.073 4 266.92 10 235.508 
16
10 129 1445.75 21 1052.37 73 1009.24 14 659.559 102 556.966 18 535.047 154 493.435 111 394.145 32 294.162 116 286.252 
17
10 40 579.501 11 429.522 52 336.357 161 276.007 51 187.07 160 177.739 79 172.932 54 144.813 49 138.944 130 122.675 
18
10 165 1314.44 20 1286.28 74 818.249 119 655.657 82 603.286 16 583.959 14 512.184 129 505.752 116 490.647 155 467.407 
19
10 37 2098.72 163 2059.33 127 1245.62 22 744.357 134 578.915 44 563.163 159 388.023 75 335.916 122 284.634 85 185.329 
20
10 56 1323.82 18 1303.44 71 995.369 146 942.795 119 906.98 115 794.452 116 689.645 74 626.031 168 607.508 165 519.289 
21
10 102 1706.01 73 1704.73 111 1610.48 16 1030.95 48 911.088 129 880.301 157 548.844 135 316.857 114 269.571 18 239.963 
22
10 60 3019.67 163 2758.55 93 2753.32 159 2580.41 122 2038.42 87 1753 127 1388.66 143 1061.04 31 915.402 96 803.206 
23
10 10 888.091 92 709.911 100 410.881 36 376.745 67 249.735 153 233.273 161 228.582 42 218.697 3 189.757 72 149.906 
24
10 75 3472.35 57 2827.64 134 2679.21 78 2015.44 2 1514.29 113 1469.65 6 1416.02 31 1234.53 127 1109.92 137 953.425 
25
10 68 1091.25 63 1082.64 76 786.315 83 687.723 34 599.822 7 535.876 97 513.341 105 511.96 140 461.809 85 413.848 
26
10 133 1446.29 104 1187.63 106 877.33 99 710.82 141 683.701 167 659.405 90 572.074 88 508.378 30 503.903 53 435.461 
27
10 152 397.15 58 343.974 40 238.863 88 189.036 11 163.724 133 162.677 52 148.8 161 140.185 130 128.522 79 124.034 
28
10 29 1108.77 41 1064.38 43 434.298 158 426.511 123 414.932 173 384.806 144 301.675 157 300.94 150 282.057 114 256.935 
29
10 142 1864.45 144 1183.91 28 1123.61 150 899.694 43 643.347 158 615.098 120 322.223 7 277.544 114 236.938 105 229.384 
30
10 62 2057.35 167 1120.33 90 974.927 86 877.175 136 796.833 99 623.39 53 611.753 103 539.309 0 498.089 171 486.086 
31
10 122 3799.84 78 2901.66 96 2775.11 61 2500.42 159 2125.29 134 1930.47 75 1893.87 87 1733.97 169 1528.72 113 1414.08 
32
10 14 1240.43 154 943.258 9 652.111 129 522.036 20 493.386 18 363.637 16 354.032 39 338.013 35 332.92 116 279.085 
33
10 117 1657.96 90 997.689 167 955.89 130 741.118 112 693.987 49 653.772 51 619.565 160 582.158 88 520.653 145 457.195 
34
10 114 608.988 25 602.536 83 593.93 158 459.906 5 443.557 63 346.618 105 338.463 7 223.836 111 211.137 76 186.897 
35
10 116 315.827 32 250.142 14 216.487 172 179.497 154 120.177 16 74.5508 149 73.4101 129 68.0689 146 65.8615 71 63.8714 
36
10 92 1608.73 15 713.843 10 691.219 95 558.019 107 370.354 23 366.881 120 273.381 72 270.597 4 237.148 108 197.131 
37
10 19 2095.34 163 1948.92 22 694.265 127 637.809 85 281.915 139 239.858 159 235.422 134 199.61 44 195.678 60 188.865 
38
10 166 2851.54 131 1434.96 162 1292.17 110 1258.1 136 1223.6 0 1086.76 145 895.142 170 758.941 50 649.309 118 388.91 
39
10 32 257.013 14 191.521 116 145.118 154 125.865 129 99.3768 16 87.0181 47 85.1701 59 54.6376 69 45.665 172 41.8916 
40
10 17 596.296 70 522.236 27 258.896 128 244.41 49 190.604 112 189.108 52 188.775 160 171.498 161 163.669 130 161.333 
41
10 28 1027.64 142 994.347 144 651.906 150 600.029 43 440.854 158 425.66 114 194.692 120 193.657 7 187.138 108 175.134 
42
10 79 1186.08 54 1124.09 3 840.026 153 573.02 67 483.095 51 458.312 160 393.88 161 337.705 117 325.413 52 280.933 
43
10 114 1520.71 105 1410.03 7 1116.76 157 885.479 29 772.826 142 652.037 41 544.714 28 527.504 144 421.023 150 393.796 
44
10 134 1238.08 75 1076.46 127 1009.47 24 627.702 19 562.032 122 397.248 163 354.654 31 353.651 2 335.317 159 244.723 
45
10 109 3343.23 169 2842.07 113 2743.97 1 2530.75 61 1971.16 78 1896.68 147 1577.15 96 884.649 91 815.038 57 699.606 
46
10 77 1359.84 66 1160.46 53 980.541 126 721.214 99 633.799 0 343.093 13 305.569 62 255.788 86 210.045 136 196.82 
47
10 129 440.431 135 376.401 14 317.861 73 238.234 16 232.279 132 204.52 32 166.588 154 161.496 21 126.252 102 112.347 
48
10 111 1719.65 157 1587.54 102 1382.3 21 983.361 114 932.944 73 602.786 123 553.471 173 474.328 158 407.335 43 403.652 
49
10 160 1491.98 51 1300.71 130 992.943 54 714.459 88 665.456 79 664.651 33 643.471 11 412.27 70 378.463 106 355.374 
50
10 131 1729.89 166 1413.91 110 1200.45 103 758.052 38 703.994 86 641.094 147 390.353 62 311.674 61 276.745 91 235.107 
51
10 49 1247.93 112 1228.94 130 1226.11 160 1143.14 79 1101.1 54 1068.69 33 604.373 88 582.155 117 524.878 42 483.961 
52
10 79 394.222 54 360.681 17 353.774 70 335.345 42 279.144 40 205.931 11 192.356 95 172.533 27 154.318 51 143.905 
53
10 99 2288.01 65 2257.75 77 1559.31 126 1250.86 141 1013.6 104 829.149 46 825.557 30 667.727 62 546.694 26 461.439 
54
10 79 1362.04 42 1126.66 160 1125.63 51 1062.15 49 724.131 153 657.481 112 576.283 117 555.17 161 469.781 130 448.44 
55
10 148 1969.2 101 1801.8 118 963.529 85 778.477 139 671.957 97 590.012 145 412.891 68 293.636 162 261.066 163 244.509 
56
10 20 1332.91 168 1140.11 115 1079.06 71 710.534 146 698.324 8 657.441 119 560.63 9 538.954 170 530.343 131 461.959 
57
10 6 3272.09 24 2822.93 2 2305.79 113 2171.39 137 2016.75 75 1684.49 78 1510.99 134 1054.22 45 711.848 31 531.582 
58
10 89 738.18 84 357.961 27 302.051 26 204.288 133 168.872 128 157.792 88 107.003 125 106.761 51 105.368 161 91.3334 
59
10 8 62.2531 39 55.1685 69 52.5735 32 44.7843 35 34.7004 81 29.0447 129 18.8283 16 17.1927 47 16.5397 154 14.243 
60
10 22 2943.26 143 2730.67 87 2385.42 93 1722.44 159 1622.43 156 1606.01 163 1130.61 122 1110.5 80 998.657 96 983.7 
61
10 96 4121.52 169 3859.29 147 3562.37 1 3262.37 91 3028.91 78 2655.79 31 2498.65 109 2236.91 87 2111.38 122 1981.53 
62
10 136 2434.33 30 2095.95 0 1636.91 86 1538.38 171 1487.11 103 975.447 110 967.622 131 672.339 65 597.456 77 546.47 
63
10 76 1927.54 97 1693.65 85 1566.67 83 1487.49 139 1467.62 68 1374.59 25 1274.95 101 627.703 5 559.384 34 417.384 
64
10 140 973.359 7 623.807 4 594.947 105 457.625 3 452.947 68 327.602 76 269.929 63 231.913 67 196.111 153 112.89 
65
10 53 2254.83 99 1882.2 77 1623.61 126 923.638 141 850.15 62 626.841 30 527.754 104 493.536 66 492.513 86 451.407 
66
10 46 1152.99 77 1051.1 13 856.88 65 564.19 0 414.445 53 363.084 171 243.198 136 233.145 126 224.304 99 181.045 
67
10 4 821.956 3 712.704 153 690.754 42 489.655 68 318.393 151 312.06 10 311.012 72 309.977 23 308.875 140 250.913 
68
10 97 1252.76 151 1197.29 76 1171.37 63 1143.29 25 1072.75 101 608.494 4 457.981 67 354.508 64 352.166 140 330.427 
69
10 115 440.706 20 386.297 71 311.05 146 304.646 121 277.767 154 244.32 119 237.151 170 211.326 74 112.041 110 100.772 
70
10 11 873.526 40 543.396 161 542.169 52 327.273 160 298.901 49 272.752 79 269.888 51 266.194 54 223.319 112 217.567 
71
10 115 1967.56 74 1604.69 82 1430.58 20 1077.14 56 761.224 18 496.234 12 494.428 154 477.537 131 475.958 170 388.129 
72
10 10 835.283 92 510.905 100 315.271 36 275.225 153 261.15 67 245.523 161 206.761 42 206.49 23 152.41 3 142.484 
73
10 21 1743.48 102 1488.54 129 1126.35 16 1018.66 111 861.403 48 566.839 135 547.486 14 378.265 132 345.386 47 271.248 
74
10 119 2246.33 82 2044.96 71 1607.92 146 1598.44 12 1127.71 18 901.815 115 736.887 20 672.701 154 515.698 165 344.312 
75
10 134 3967.32 24 3443.83 127 2357.92 31 1920.88 78 1678.64 57 1673.17 122 1574.99 44 1078.58 2 980.937 113 915.055 
76
10 139 2109.05 97 2042.63 63 1938.15 85 1886.27 68 1394.47 83 1184.16 25 920.863 101 847.714 151 549.386 5 397.31 
77
10 65 1681.61 53 1621.82 46 1209.42 99 982.229 66 946.113 126 696.003 0 677.882 62 594.53 86 504.789 136 479.756 
78
10 113 3489.89 31 2875.09 61 2630.6 169 2603.73 24 1951.55 45 1872.69 122 1864.42 96 1664.15 75 1639.2 1 1563.66 
79
10 54 1307.32 42 1168.37 160 1090.41 51 1040.94 49 640.084 153 610.495 161 571.019 112 491.778 117 456.385 52 429.784 
80
10 91 3930.5 156 3201.13 87 2670.76 96 2640.06 147 2583.56 61 1816.44 143 1672.35 1 1558.29 93 1248.65 122 1115.37 
81
10 8 1064.89 168 623.184 56 348.778 9 347.12 170 323.9 171 308.872 138 306.729 0 278.009 110 261.761 94 210.526 
82
10 74 1900.01 119 1825.88 12 1467.12 71 1343.12 146 1283.74 18 624.411 115 599.033 5 468.941 20 437.853 154 380.527 
83
10 63 1502.48 5 1398.22 76 1170.67 25 789.006 34 664.36 97 594.74 139 524.868 85 487.875 12 484.039 68 411.676 
84
10 89 1741.86 125 1560.81 164 773.088 58 318.843 152 226.998 98 119.065 141 91.1722 70 70.0939 128 61.3024 26 52.273 
85
10 101 2092.69 76 1926.94 63 1655.48 97 1102.74 55 788.465 25 539.255 83 479.459 117 473.342 67 255.293 4 224.731 
86
10 110 1852.37 62 1725.09 136 1512.72 0 1471.52 131 1241.49 30 994.205 170 837.961 50 571.897 77 514.784 162 497.655 
87
10 96 3611.87 93 2856.52 122 2758.16 80 2704.15 60 2409.76 159 2352.76 61 2129.81 156 2094.72 91 2042.15 31 1744.62 
88
10 133 1244.29 130 1140.56 106 997.4 112 730.964 49 600.814 51 579.236 90 539.203 26 533.671 167 527.097 33 496.824 
89
10 84 1743.78 125 856.545 58 679.2 152 475.712 164 299.472 26 107.831 128 102.704 141 89.2471 70 86.8622 51 76.4401 
90
10 30 1003.73 33 997.564 133 820.114 26 595.024 106 560.336 88 544.498 104 393.896 62 283.786 130 265.664 117 230.738 
91
10 147 4402.96 80 3901.55 1 3253.85 96 3161.87 61 2992.44 169 2083.25 87 2001.83 109 1902.2 156 1832.73 31 1167.38 
92
10 36 1651.13 100 1501.36 95 1146 23 698.51 72 506.37 15 392.929 107 230.799 67 187.013 4 177.972 120 137.344 
93
10 87 2831.45 143 2692.44 22 2687.18 156 1824.96 159 1726.13 60 1724.55 96 1300.54 122 1297.87 80 1252.24 163 988.991 
94
10 98 961.708 138 489.013 164 307.824 81 154.645 121 118.938 125 100.89 47 46.9099 149 46.8507 154 40.1445 39 25.1268 
95
10 92 1135.21 10 591.713 36 569.856 100 512.121 161 264.251 42 240.251 153 212.335 67 196.142 52 189.925 3 189.782 
96
10 61 4137.63 87 3594.37 91 3211.65 122 2835.57 31 2781.87 147 2670.95 80 2660.99 169 2395.75 1 2055.26 159 1712.88 
97
10 76 2070.53 63 1785.55 101 1711.23 68 1542.92 151 1135.23 85 1068.88 139 1025.49 25 647.579 83 601.774 55 596.718 
98
10 164 998.617 94 902.746 125 514.557 138 342.038 84 125.557 110 87.0269 124 73.4115 86 67.6865 81 66.8055 171 61.5714 
99
10 53 2331.2 65 1935.3 104 1366.63 126 1349.16 141 971.166 77 958.104 26 799.408 30 695.862 46 541.339 62 402.641 
100
10 92 1461.87 10 851.691 15 827.317 95 503.92 107 502.888 23 402.392 120 346.274 72 310.145 4 304.23 108 281.261 
101
10 85 2086.38 55 1843.85 139 1832.03 97 1710.29 76 819.058 148 774.122 68 772.192 63 643.449 60 393.395 93 350.195 
102
10 21 1798.91 111 1640.22 73 1527.08 48 1349.33 157 809.052 129 580.612 16 559.893 135 473.165 123 453.956 173 395 
103
10 110 1716.57 171 1428.5 170 1349.91 136 1043.98 62 996.468 0 823.073 30 581.75 50 576.679 168 318.744 115 257.969 
104
10 106 1380.71 26 1373.83 99 1365.73 133 1286.59 53 859.424 126 533.112 65 526.742 167 481.806 90 424.718 30 410.373 
105
10 7 1797.24 43 1412.18 158 1360.68 114 812.294 140 746.462 25 472.729 64 460.838 34 317.964 29 275.655 144 263.95 
106
10 133 1470.67 104 1386.36 88 1112.19 26 1035.06 167 664.586 90 611.067 130 532.146 112 443.945 99 387.051 49 328.77 
107
10 108 600.93 120 548.882 100 523.605 36 389.202 10 245.208 92 237.308 150 219.764 4 207.122 144 198.259 140 175.15 
108
10 150 855.899 15 841.411 144 756.638 107 627.737 140 303.233 100 297.234 7 248.489 29 227.126 36 206.692 41 196.04 
109
10 1 4313.92 45 3292.66 147 3203.19 169 2977.07 61 2208.11 91 1901.81 113 1534.65 78 1257.51 96 1129.27 80 711.27 
110
10 131 2079.19 103 1901.4 86 1800.94 136 1718.66 0 1547.88 170 1458.01 38 1121.2 62 1050.87 50 1008.54 168 677.294 
111
10 48 1616.73 21 1610.57 102 1578.81 157 1539.98 114 949.759 73 847.033 123 407.612 173 386.974 16 354.385 155 348.689 
112
10 160 1527.85 51 1305.99 130 1088.04 88 797.432 33 696.778 54 565.93 79 508.946 106 467.931 11 403.041 133 341.002 
113
10 78 3519.5 45 2731.12 57 2123.96 169 2001.54 109 1550.54 61 1520.3 24 1435.23 31 1413.1 6 1261.85 1 1177.27 
114
10 43 1630.82 158 1622.68 157 1578.32 111 902.499 105 857.916 48 842.984 34 566.178 7 467.336 142 363.323 28 338.033 
115
10 71 1986.48 146 1929.43 119 1338.3 56 1155.6 170 873.598 131 862.119 20 861.053 168 846.635 74 724.732 82 625.98 
116
10 14 1116.72 9 807.948 20 728.064 18 513.996 35 458.603 129 453.787 119 407.877 16 348.863 71 342.152 146 331.865 
117
10 33 1676.8 151 1482.73 54 578.715 51 546.41 79 506.975 160 461.781 118 394.054 49 378.829 112 353.144 85 351.239 
118
10 145 2822.69 148 2574.92 162 2123.03 55 973.789 117 520.507 38 391.088 112 334.593 106 295.702 101 289.543 49 257.977 
119
10 74 2250.98 82 1969.42 115 1378.09 20 990.724 18 714.499 12 670.477 56 629.133 154 526.137 116 394.039 131 344.557 
120
10 15 1308.87 144 1187.44 150 995.864 107 575.254 140 426.534 100 378.53 29 353.801 7 325.835 36 298.747 41 225.78 
121
10 170 284.068 8 283.617 69 237.893 103 215.223 168 213.878 62 161.165 94 123.826 129 75.4456 138 74.9421 16 74.5153 
122
10 31 3818.11 159 3269.42 96 2845.65 87 2757 127 2034.58 22 2012.53 61 1994.82 78 1891.15 134 1843.19 75 1560.67 
123
10 142 622.613 28 483.558 157 472.909 48 433.504 135 409.343 102 345.708 111 332.738 29 243.688 21 169.031 114 165.609 
124
10 98 74.8572 138 58.4255 164 42.4322 125 21.0772 8 13.9689 94 13.7057 27 13.3066 58 11.9674 89 10.8393 84 9.57933 
125
10 164 1550.21 84 1513.39 89 830.645 98 486.716 58 90.3652 86 87.3784 94 84.9224 152 64.6781 70 42.7046 141 42.2357 
126
10 99 1465.81 53 1391.35 65 1030.73 77 732.113 46 665.626 104 569.393 141 468.203 26 296.068 30 208.97 66 208.209 
127
10 134 3127.53 75 2379.39 122 2070.5 163 2052.65 159 1648.15 22 1394.11 31 1369.54 19 1255.99 24 1111.19 44 1020.37 
128
10 11 357.22 40 225.184 112 183.177 106 181.103 70 177.526 58 167.846 49 151.576 161 142.63 152 138.06 88 135.941 
129
10 16 1467.63 73 1132.65 14 945.612 21 917.615 154 621.388 102 591.72 47 503.787 18 474.654 32 466.039 116 393.575 
130
10 51 1231.79 88 1146.5 112 990.901 49 919.449 160 826.764 33 718.454 133 514.777 106 495.812 54 433.874 79 357.196 
131
10 166 2277.01 110 2245.33 50 1508.96 136 1424.11 38 1419.79 86 1299.69 0 1112.81 115 935.933 168 910.243 62 846.302 
132
10 73 274.169 102 266.852 149 249.281 173 229.68 47 196.187 21 191.25 123 165.767 129 154.542 111 149.259 48 114.207 
133
10 26 1499.12 106 1279.38 88 1261.17 104 1178.24 167 891.865 90 821.49 130 498.615 99 333.489 112 286.101 30 246.814 
134
10 75 3985.52 127 3113.57 24 2669.61 31 1966.79 122 1868.31 78 1250.11 44 1246.03 57 1052.01 159 1019.16 163 853.744 
135
10 73 436.84 123 424.076 102 378.405 173 364.867 47 354.701 21 270.889 129 245.051 149 214.299 111 194.721 48 166.966 
136
10 0 2698.17 62 2448.26 110 1594.98 86 1348.74 131 1164.7 170 1074.46 103 1039.42 38 915.913 30 809.526 168 536.008 
137
10 2 2729.1 6 2201.05 57 2007.92 24 948.085 75 492.388 113 370.456 134 288.56 78 196.968 44 130.913 12 104.138 
138
10 94 563.14 98 395.504 81 234.518 8 163.815 164 89.4038 121 77.07 110 73.7587 86 52.9207 124 52.8801 171 51.5042 
139
10 76 2150.66 101 1852.27 63 1552.4 97 1036.67 55 688.804 83 534.427 25 508.575 117 411.382 67 269.908 4 227.494 
140
10 7 1451.27 4 1133.57 64 1071.81 105 770.599 120 487.363 25 426.218 108 354.821 15 352.555 144 343.485 68 304.672 
141
10 53 818.855 99 758.209 65 697.765 26 631.767 77 379.114 126 349.251 62 337.285 133 202.512 167 121.037 51 110.342 
142
10 29 1879.68 41 1043.7 123 560.952 43 546.569 144 535.607 158 513.135 173 411.998 150 409.9 157 353.135 114 278.774 
143
10 60 2763.85 156 2738.76 93 2721.65 80 1694.98 87 1629.06 22 1045.16 91 711.593 96 689.889 159 566.526 162 428.09 
144
10 29 1199.46 120 1119.35 108 741.656 41 697.45 142 538.301 7 531.354 15 503.034 43 350.094 158 322.986 28 313.225 
145
10 118 2844.82 162 2695.76 148 1358.92 38 899.861 33 652.8 55 414.381 166 385.052 86 367.685 106 348.097 91 313.665 
146
10 115 1937.72 74 1610.21 82 1382.79 20 1032.43 56 758.387 131 482.992 12 475.123 18 472.127 154 461.242 170 390.367 
147
10 1 4617.21 91 4376.74 61 3497.8 109 3184.84 169 2980.52 96 2613.36 80 2549.19 45 1543.77 87 1255.08 78 1232.38 
148
10 118 2531.76 55 1976.67 145 1328.48 162 851.129 101 738.315 151 421.323 112 368.127 49 325.112 160 305.824 156 238.642 
149
10 132 259.713 129 226.35 135 224.49 14 204.94 73 167.22 16 157.971 32 112.131 154 103.409 21 83.3197 102 82.0079 
150
10 120 918.574 29 886.12 108 826.22 41 629.748 7 432.56 15 415.464 142 399.149 43 319.482 158 303.416 28 286.121 
151
10 117 1517.5 68 1178.35 97 909.36 76 432.793 3 432.304 33 414.092 54 377.075 79 337.958 67 337.568 148 321.182 
152
10 89 532.658 27 359.734 84 262.694 26 183.985 133 159.284 128 130.761 88 103.919 52 95.0997 51 91.1299 40 88.6585 
153
10 3 906.91 67 618.137 54 610.837 79 591.347 42 562.451 72 272.253 23 236.195 4 234.479 117 222.094 95 213.887 
154
10 32 835.44 14 790.601 129 641.411 16 548.033 119 467.692 74 465.354 71 441.63 146 419.825 82 375.046 69 241.636 
155
10 165 653.957 18 503.997 111 408.061 12 263.621 48 242.255 157 143.016 74 142.186 5 132.849 82 128.168 114 93.9824 
156
10 80 3202.99 143 2704.03 87 2070.8 91 1847.49 93 1821.04 60 1604.84 96 1321.7 147 911.453 61 652.224 159 617.957 
157
10 114 1531.17 111 1452.56 48 1408.2 43 916.348 158 900.289 102 738.43 123 529.402 21 519.949 142 458.096 173 423.518 
158
10 114 1552.89 105 1395.71 7 1102.8 157 891.495 29 759.485 142 629.422 41 538.831 28 530.393 34 405.069 144 399.802 
159
10 122 3300.51 22 2573.34 87 2374.29 31 2155.52 93 1760.28 96 1735.93 60 1656.85 127 1635.98 163 1374.58 134 1015.51 
160
10 112 1476.02 49 1447.41 51 1145.62 79 1102.97 54 1092.38 130 859.599 33 553.405 88 457.093 117 411.489 42 359.639 
161
10 70 552.018 79 510.514 54 421.485 42 330.031 17 282.84 95 235.122 11 234.757 23 208.033 72 191.995 51 181.135 
162
10 145 2682.01 118 2118.56 38 1316.86 148 864.625 166 601.602 86 559.497 33 409.149 87 326.854 104 325.371 143 307.201 
163
10 22 2744.06 19 2058.29 127 2034.45 37 1951.07 159 1371.1 60 1152.39 93 1007.07 122 1005.66 134 849.791 87 525.417 
164
10 125 1577.98 98 971.047 84 769.7 89 303.476 94 280.609 138 82.4454 171 46.5571 124 43.181 103 39.9196 58 35.1106 
165
10 18 1423.59 155 660.189 20 549.507 74 330.367 154 266.271 116 258.894 21 247.336 119 225.178 16 214.429 82 201.357 
166
10 38 2832.78 131 2333.04 0 1601.77 50 1298.68 162 582.616 168 478.313 115 411.134 145 374.332 80 318.615 77 276.795 
167
10 30 1134.68 33 938.216 133 870.014 26 666.057 106 599.477 88 524.745 104 435.781 62 319.263 130 249.447 99 211.01 
168
10 56 1122.39 170 985.415 8 906.328 115 813.047 131 719.518 171 662.513 81 641.886 20 620.15 110 592.891 136 496.227 
169
10 61 3870.14 1 3640.93 147 3044.85 109 3024.41 45 2843.54 78 2636.84 96 2393.47 91 2115.62 113 2011.56 31 1532.77 
170
10 110 1427.73 103 1420.63 171 1380.86 136 1109.45 168 1036.38 0 884.822 115 850.537 86 787.327 38 667.633 62 577.506 
171
10 0 1902.27 62 1333.65 103 1322.17 170 1254.78 168 649.221 30 442.84 77 389.183 81 297.286 56 279.543 65 269.781 
172
10 8 254.381 35 181.63 81 115.76 32 79.7431 69 58.4697 138 47.7334 39 41.6524 16 25.6182 129 23.0618 149 22.3654 
173
10 142 434.042 28 428.505 157 366.781 48 366.451 135 338.342 111 313.873 102 299.7 132 225.063 21 177.788 29 167.401 
