68
0
10 46 1281.86 34 537.58 66 317.072 62 279.745 21 143.662 11 142.273 18 137.55 30 91.1876 35 73.264 15 44.2766 
1
10 64 1009.28 17 935.758 52 572.368 4 562.445 28 529.342 45 512.486 19 501.36 54 456.839 48 440.339 7 391.665 
2
10 38 2100.51 13 1494.11 16 891.484 29 817.969 14 752.686 23 522.044 56 389.071 37 353.357 45 225.548 48 216.915 
3
10 16 242.576 44 112.872 36 94.9838 23 76.5791 38 68.7357 51 34.8019 10 19.1402 55 14.6416 13 14.4053 57 3.90171 
4
10 28 1784.56 58 1228.56 17 1177.72 22 1085.33 29 1019.72 37 740.501 45 728.829 10 596.893 1 589.045 54 541.809 
5
10 30 1926.39 18 1911.01 43 936.408 66 897.775 15 582.48 19 496.73 45 445.842 34 429.518 48 376.683 24 157.667 
6
10 8 503.484 42 331.669 63 278.053 54 70.8323 67 61.7496 59 60.7309 64 56.5441 12 22.452 17 13.9415 39 10.476 
7
10 27 1077.75 12 748.694 49 648.018 26 543.046 1 413.391 41 313.785 64 275.675 17 113.694 20 111.141 19 69.0449 
8
10 6 573.152 42 490.331 64 454.883 63 303.661 17 144.953 67 120.325 12 107.214 1 87.2851 7 61.4694 28 61.0783 
9
10 12 265.416 52 62.4279 7 41.7283 41 24.906 8 24.7992 64 10.6772 26 10.6428 6 9.48442 33 6.45296 27 6.26449 
10
10 55 3472.89 38 2476.06 29 1968.37 13 888.003 14 836.013 45 678.6 4 626.345 19 599.961 28 506.782 48 506.601 
11
10 35 830.255 32 536.029 21 521.231 15 413.161 31 306.631 46 293.35 24 289.836 30 253.234 0 159.803 18 78.8002 
12
10 52 1112.66 7 702.357 41 379.233 26 373.477 9 292.602 49 215.514 64 185.804 1 118.3 8 96.7148 20 56.3073 
13
10 56 2264.25 55 1991.77 14 1890.03 2 1578.61 61 1517.81 23 1048.98 10 948.473 57 666.043 38 467.459 50 378.12 
14
10 61 2499.98 55 1965.77 13 1736.07 56 1302.79 48 1192.15 45 1011.83 19 891.988 10 849.745 2 748.885 24 696.476 
15
10 30 1828.44 35 1501.73 66 1266.86 50 899.824 61 567.514 5 560.951 48 369.32 11 358.176 18 318.817 45 317.159 
16
10 38 1013.34 2 902.456 44 467.248 23 460.724 10 441.636 55 329.817 3 310.012 13 284.774 51 70.137 14 63.8499 
17
10 28 2635.62 54 2345.19 64 2281.84 22 1826 4 1301.14 58 1282.35 29 1206.23 1 1068.33 19 810.401 48 699.251 
18
10 5 1941.88 30 1745.21 34 1547.25 66 1328.2 20 417.76 62 365.422 43 363.703 46 353.781 15 347.735 35 228.367 
19
10 29 1205.74 48 1182.49 14 902.241 55 865.495 17 827.502 10 640.19 61 592.637 1 579.368 27 570.785 28 564.819 
20
10 43 2768.23 26 1768.96 41 1114.81 65 890.82 49 793.122 18 432.921 52 183.301 19 156.616 27 149.961 45 123.823 
21
10 11 414.452 31 282.517 32 220.161 46 140.618 0 136.185 35 106.194 66 79.555 15 46.8368 24 35.3426 56 9.82707 
22
10 28 3098.3 54 2146.94 58 2058.49 17 1794.01 67 1549.26 4 1193.95 37 1127.99 29 947.036 25 670.27 1 319.247 
23
10 13 961.391 57 524.087 2 500.143 56 461.568 16 445.465 51 340.108 55 293.496 14 198.759 40 195.367 38 188.409 
24
10 61 1126.79 35 953.806 14 666.436 56 598.785 30 587.271 66 403.468 48 362.953 45 282.117 13 272.129 19 263.904 
25
10 67 1160.29 39 928.44 22 650.338 58 583.477 59 527.113 37 524.859 53 405.127 54 244.597 60 211.762 42 177.796 
26
10 41 1877.68 20 1789.87 49 1594.3 52 966.255 27 640.779 7 567.592 12 390.43 45 219.486 1 161.722 64 87.8022 
27
10 52 1432 49 1060 7 1042.18 26 587.432 19 523.395 45 509.826 64 493.36 43 310.057 4 156.68 41 147.151 
28
10 22 2905.13 58 2492.11 17 2432.69 4 1844.8 54 1746.42 29 1433.82 37 1154.57 64 1001.09 67 673.953 1 554.598 
29
10 10 2179.1 37 2085.04 28 1584.19 17 1235.73 58 1217.69 19 1203.47 4 1173.1 45 1132.32 38 1081.27 22 1028.24 
30
10 66 2366 15 1948.08 5 1943.92 18 1729.26 35 1122.06 24 626.44 19 422.147 34 408.496 48 391.128 50 383.318 
31
10 32 421.183 21 292.294 11 246.935 50 71.442 35 47.2804 0 42.0905 57 39.9408 24 22.8084 40 18.7833 15 15.159 
32
10 31 438.729 11 430.988 50 363.131 35 231.46 21 224.409 24 169.494 57 160.066 15 114.907 66 69.5367 40 45.5648 
33
10 41 33.7847 12 7.4799 65 6.06206 9 5.83322 26 5.79177 34 3.87712 62 3.78379 52 3.30606 7 1.9864 47 1.68272 
34
10 18 1476.28 62 1173.07 46 876.471 0 571.294 66 570.38 5 431.477 30 402.879 20 81.915 15 64.1477 35 60.387 
35
10 50 1895.36 66 1658.36 15 1632.72 30 1165.51 24 1010.99 11 788.799 56 412.867 32 275.559 18 232.714 14 200.114 
36
10 44 480.325 3 104.304 38 72.2186 51 39.8801 60 39.4671 39 38.0782 40 21.99 2 20.793 10 11.9583 37 9.53658 
37
10 29 1966.55 58 1548.53 28 1193.44 22 1159.25 38 1003.76 39 821.684 4 808.734 25 590.422 17 524.408 67 429.253 
38
10 10 2625.74 2 2097.88 16 1011.29 29 1009.22 37 988.953 13 436.271 44 359.233 39 293.268 14 236.657 4 205.457 
39
10 25 968.077 37 762.258 60 399.675 67 385.517 58 352.352 22 283.595 53 275.424 38 268.136 29 207.521 59 196.011 
40
10 57 476.495 23 166.109 51 138.685 56 92.1761 13 53.7075 32 40.4482 36 19.6582 50 19.1281 31 17.5954 61 13.9664 
41
10 26 1857.64 20 1098.59 49 702.211 52 496.456 12 379.051 65 341.705 7 317.629 27 158.245 5 67.6593 47 55.8419 
42
10 63 939.068 67 713.416 54 512.092 8 464.371 6 359.304 22 281.061 59 165.914 25 164.272 64 153.317 58 114.076 
43
10 20 2602.87 49 1208.62 5 946.079 19 458.069 45 402.852 18 355.018 30 342.247 48 331.01 27 314.527 65 285.193 
44
10 36 526.835 16 420.829 38 326.579 3 136.789 39 118.089 2 98.7299 10 66.1421 37 54.4891 60 53.9113 23 44.9458 
45
10 29 1073.63 14 976.131 48 926.727 55 886.449 4 790.946 10 682.756 61 641.374 17 617.271 1 570.091 27 541.565 
46
10 0 1399.61 34 898.964 66 788.188 62 375.736 18 346.855 11 280.448 30 256.714 35 187.058 21 162.596 15 105.849 
47
10 65 400.9 20 98.0902 41 51.9411 43 22.3652 34 13.3501 62 12.4838 5 4.95965 49 4.44379 33 1.68324 12 1.34991 
48
10 14 1238.22 19 1197.29 55 969.534 45 966.215 61 905.11 29 863.284 17 716.857 4 560.879 10 540.961 1 519.962 
49
10 26 1438.44 43 1128.79 27 1040.62 52 903.125 20 689.451 41 628.177 7 617.055 1 265.767 48 264.278 12 203.089 
50
10 35 1876.55 56 1160.73 15 961.942 66 598.033 32 423.715 30 380.031 13 377.915 14 368.18 57 318.276 48 178.131 
51
10 23 274.566 40 132.222 57 103.305 16 53.6431 13 41.8426 36 39.9173 44 35.8361 3 33.435 38 8.96214 55 8.0147 
52
10 27 1547.05 12 1199.42 49 1002.56 26 966.127 1 659.917 41 518.667 64 469.741 43 280.257 17 193.473 20 188.292 
53
10 59 415.473 25 387.14 39 254.56 67 158.798 37 34.6583 22 27.3095 42 25.6873 58 25.608 8 24.2209 63 24.0227 
54
10 17 2294.31 22 2123.32 28 1853.22 58 1177.48 67 972.258 4 582.254 42 546.283 1 508.027 29 434.03 37 337.049 
55
10 10 3458.86 14 1965.69 13 1830.76 61 990.255 48 928.967 45 888.894 19 821.738 4 418.407 16 295.466 23 286.933 
56
10 13 2182.99 61 1826.26 14 1353.06 50 1142.62 57 1111.63 24 626.902 23 485.021 35 399.618 2 399.35 15 231.838 
57
10 56 1022.58 13 587.288 40 525.172 23 498.053 61 294.467 50 287.701 32 161.946 51 117.641 24 95.643 55 89.2097 
58
10 28 2397.8 22 1912.11 37 1392.78 4 1208.12 17 1153.39 54 1114.3 29 1024.51 67 835.841 25 556.029 64 362.599 
59
10 67 474.503 25 467.765 53 393.608 39 164.808 42 151.217 60 148.796 63 140.552 22 96.5995 6 61.6232 54 52.2604 
60
10 39 346.63 25 187.57 59 147.996 44 48.6565 37 46.2264 67 43.4958 36 38.1933 58 14.0633 22 11.6191 28 6.61724 
61
10 14 2430.16 56 1690.01 13 1360.09 24 1119.79 55 928.79 48 832.429 45 630.901 15 582.075 19 556.343 57 285.669 
62
10 34 1081.31 18 330.149 46 329.862 0 269.603 66 107.511 5 69.54 30 64.5897 65 23.8345 20 15.6401 47 12.1126 
63
10 42 833.009 67 369.249 6 269.692 8 261.341 54 170.951 59 136.33 22 99.0958 25 78.4319 28 45.8623 58 37.688 
64
10 17 2134.16 1 1058.94 28 1016.63 27 496.892 52 449.869 8 425.4 4 411.623 58 376.419 29 281.122 7 280.772 
65
10 20 830.964 47 419.417 41 334.46 43 292.418 5 66.0885 49 58.7127 34 52.9219 62 27.7163 52 15.2698 7 11.6608 
66
10 30 2449.71 35 1647.08 15 1394.95 18 1357.3 5 934.986 46 811.943 50 606.638 34 605.797 24 441.577 0 348.203 
67
10 22 1497.22 25 1146.42 54 935.391 58 868.993 42 742.989 28 694.782 59 532.372 63 427.278 37 382.193 39 365.23 
