64
0
10 33 316.864 9 177.887 55 148.118 10 147.911 20 123.985 37 121.42 6 111.947 24 54.0772 61 53.2686 35 37.5953 
1
10 45 1912.36 15 1871.13 39 1815.63 50 1205.31 34 1198.8 11 980.691 28 941.416 29 703.987 21 701.544 47 634.032 
2
10 22 2273.8 51 1861.83 36 1676.94 17 698.352 25 554.934 60 475.215 8 393.076 21 254.924 61 187.613 29 176.013 
3
10 62 1704.87 52 1233.06 18 892.864 12 661.592 40 575.311 44 246.365 28 241.238 46 199.786 54 193.348 26 192.638 
4
10 49 221.978 47 55.3457 48 34.7467 14 24.9671 21 23.5925 5 22.9299 56 20.9103 17 20.0347 59 15.9459 15 13.786 
5
10 63 52.7431 47 34.4551 4 25.3381 15 18.3451 59 10.6216 49 3.80533 45 2.82533 1 1.70574 29 1.37511 11 0.926254 
6
10 0 108.783 37 81.5967 33 63.9439 35 25.2518 19 24.4025 32 11.3602 20 5.87169 9 3.36808 55 2.29381 10 1.50827 
7
10 19 87.3946 0 29.7663 33 28.5308 31 21.7382 20 20.0697 35 17.6625 32 13.8567 38 9.80081 57 9.65242 24 1.83343 
8
10 51 428.962 2 406.179 22 219.72 36 180.2 17 171.733 48 139.981 58 127.124 14 89.6386 27 77.9906 60 64.7949 
9
10 10 1478.13 25 1447.07 61 1125.66 55 906.995 24 843.625 22 627.044 36 406.833 33 315.138 20 260.568 30 224.385 
10
10 61 2324.14 24 2217.96 55 1953.12 9 1485.69 20 1056.16 31 513.843 22 365.387 46 298.871 36 291.493 13 218.114 
11
10 39 2896.88 59 2328.4 1 1099.52 28 913.459 15 780.393 40 527.412 34 489.58 50 413.033 26 330.864 12 289.234 
12
10 28 2095.28 40 1950.81 62 1667.32 34 1557.16 43 891.799 50 787.324 39 742.783 13 668.877 3 560.346 18 424.811 
13
10 25 976.381 43 923.173 61 616.928 12 563.895 22 443.915 36 424.759 24 401.417 34 336.916 28 280.823 10 185.498 
14
10 48 242.128 49 76.3806 8 73.352 16 44.1375 58 26.6889 4 26.0493 17 21.605 27 19.9859 51 9.10634 60 6.03179 
15
10 1 1865.51 45 1021.32 39 977.464 47 679.594 11 679.189 59 583.808 34 481.629 50 433.027 28 304.722 29 244.268 
16
10 14 43.6298 48 27.8942 58 6.96393 8 6.78464 27 3.67701 37 0.837797 33 0.705432 2 0.121236 6 0.0670699 0 0.0432845 
17
10 60 1732.03 51 1438.12 21 1384.48 29 1201.59 36 1143.22 22 898.081 2 719.167 49 449.462 45 431.992 25 182.209 
18
10 62 1578.62 46 1327.17 3 756.248 12 455.317 31 244.977 61 212.445 24 191.352 57 186.81 28 183.528 25 126.456 
19
10 31 399.427 20 226.001 30 115.836 7 104.719 57 57.8573 24 57.6207 10 53.3094 46 35.4413 61 32.8897 37 27.1294 
20
10 55 1084.81 10 1049.88 31 879.432 24 837.515 30 409.929 9 253.499 19 209.463 25 172.55 46 132.676 0 128.66 
21
10 29 2504.45 60 2153.13 50 1919.25 45 1848.03 17 1261.56 36 876.858 28 840.85 1 676.57 22 576.168 51 482.424 
22
10 36 2848.81 51 2138.77 2 2060.55 25 1755.26 60 1153.24 17 797.875 9 684.656 61 663.027 13 559.295 21 540.579 
23
10 44 174.393 3 28.4695 42 18.4348 53 15.0249 41 13.4176 52 6.01845 62 4.84747 40 3.27342 18 1.83146 12 0.700845 
24
10 61 2010.09 10 1992.74 55 1260.61 30 1212.86 25 1198.31 9 774.013 20 748.835 31 677.029 13 426.139 43 253.599 
25
10 61 1827.16 22 1597.74 9 1380.57 36 1323.2 24 1248.44 13 1105.76 30 767.285 43 624.455 55 573.285 46 502.889 
26
10 40 888.498 39 278.847 12 271.664 11 243.917 62 209.843 3 157.075 59 153.19 28 132.269 44 60.7705 42 57.2409 
27
10 8 65.6689 48 21.708 14 21.4805 58 18.8492 2 6.09779 51 3.72577 16 3.67173 17 0.603272 49 0.265264 9 0.204492 
28
10 12 2374.63 39 2063.12 50 1967.52 40 1121.04 1 953.027 21 865.237 11 819.68 62 809.088 45 633.555 43 539.688 
29
10 21 2754.94 45 2452.97 49 1497.92 50 1220.91 17 1175.54 60 1159.33 1 736.187 34 578.487 51 351.007 28 331.108 
30
10 46 1951.33 24 1262.21 61 1255.33 25 795.182 54 726.639 20 383.754 55 373.208 52 240.565 9 225.766 43 181.49 
31
10 20 904.292 24 764.711 46 747.496 61 544.623 10 527.604 54 498.358 55 490.224 19 362.633 18 253.02 25 235.581 
32
10 0 21.3587 20 18.4121 7 16.9765 6 15.2081 37 12.1701 33 9.11835 38 7.58473 19 5.61886 55 2.29002 10 1.71771 
33
10 0 327.586 9 320.731 37 164.779 10 136.044 55 92.9837 6 67.561 25 60.1889 61 54.5352 20 49.626 24 43.7333 
34
10 12 1580.93 39 1247.93 1 1048.48 45 1005.21 43 765.926 40 582.122 29 511.906 15 417.217 13 409.791 11 377.811 
35
10 20 46.0402 0 35.6837 6 24.8919 7 16.7462 37 8.33417 19 6.58757 31 6.46522 10 5.49888 24 2.17023 38 1.98174 
36
10 22 2846.14 60 1698.53 2 1519.73 25 1454.14 17 1007.4 21 839.207 13 540.281 61 533.892 9 445.175 50 338.523 
37
10 33 158.138 0 117.737 6 83.5554 19 30.2616 9 16.9619 32 11.4711 35 8.53483 20 7.90571 10 6.50413 8 4.95813 
38
10 57 47.1103 7 9.06175 32 7.88336 53 7.48695 19 6.78118 41 6.20304 54 5.38275 35 1.97498 31 1.32263 52 0.742495 
39
10 11 2717.92 28 2156.78 1 1937.26 59 1583.6 34 1526.84 50 1300.32 15 1053.19 40 992.428 45 974.183 12 857.243 
40
10 12 1872.5 62 1065.86 28 962.062 26 882.122 39 826.11 34 545.691 3 462.988 11 414.939 43 230.525 1 191.465 
41
10 53 117.722 42 20.8389 57 16.6882 52 15.3078 23 12.7702 38 6.84975 44 6.45187 54 3.42098 3 2.90838 62 2.36123 
42
10 26 58.0125 41 21.3612 23 17.4324 40 9.78256 11 6.09527 59 5.95863 39 3.62311 63 2.97639 3 2.64718 56 1.58368 
43
10 13 930.797 12 750.135 34 655.597 25 570.863 28 388.446 61 347.436 50 269.099 24 233.683 22 218.854 40 211.657 
44
10 23 209.815 3 208.679 26 61.8369 62 57.9231 52 46.7309 40 35.6295 12 16.3194 53 15.904 18 15.1909 41 7.36545 
45
10 29 2484.99 21 2053.59 1 2009.52 50 2004.79 34 1185.26 15 1086.76 39 967.231 49 683.045 28 671.316 60 567.019 
46
10 30 1999.97 18 1347.11 31 710.249 61 659.663 52 654.85 62 558.127 25 545.281 12 406.225 10 308.325 3 179.386 
47
10 15 668.269 1 621.59 21 272.922 50 259.721 49 239.718 39 168.758 59 83.6735 11 78.3756 28 75.2246 17 66.494 
48
10 14 266.024 49 166.837 8 126.464 17 82.9536 29 76.6987 4 40.1306 51 36.3739 21 33.3886 60 28.7236 16 27.0592 
49
10 29 1494.71 45 653.257 17 438.25 47 265.132 4 247.399 60 235.911 50 172.722 48 171.926 1 135.524 51 100.548 
50
10 21 1919.36 28 1902.04 45 1844.04 39 1181.49 1 1160.77 29 1136.56 60 1008.34 12 876.234 15 416.14 11 372.02 
51
10 22 2313.12 2 1830.36 17 1394.82 60 1086.46 21 507.763 25 453.049 8 404.192 29 357.175 50 165.818 61 157.338 
52
10 62 1192.42 3 1118.78 46 666.253 54 650.541 30 243.669 53 174.178 57 153.274 40 130.703 28 93.5142 44 46.9463 
53
10 52 156.977 41 121.289 57 69.7376 18 67.2446 3 43.2922 54 40.5471 62 36.0444 26 20.715 23 14.6517 44 13.7297 
54
10 30 806 52 669.273 57 554.204 31 504.889 62 345.238 3 175.446 61 145.832 24 125.168 25 98.7289 12 69.2191 
55
10 10 2029.14 24 1487.99 61 1337.04 20 1146.57 9 934.187 25 614.423 31 500.943 30 405.986 22 174.965 46 173.217 
56
10 59 31.8725 4 21.9487 47 19.9816 15 14.5415 11 12.053 63 6.1524 49 4.97713 26 4.02886 39 2.70057 1 1.90608 
57
10 54 522.9 18 190.693 46 171.091 52 142.455 31 141.696 53 69.2298 38 51.2461 62 49.0259 19 47.7803 3 22.1034 
58
10 2 115.376 8 109.451 51 56.8494 22 49.008 14 25.825 48 25.7153 27 20.1571 9 17.2415 33 11.4686 17 9.7966 
59
10 11 2195.69 39 1628.19 15 647.027 28 285.946 40 220.502 26 196.023 45 195.476 34 184.104 50 143.864 12 83.5225 
60
10 21 2133.74 36 1770.78 17 1559.63 22 1208.48 29 1070.38 51 1035.47 50 993.877 45 524.573 25 510.715 2 468.369 
61
10 10 2118.6 24 2043.48 25 1810.13 30 1218.6 55 1157.64 9 1047.74 13 676.944 46 610.825 22 600.646 31 493.608 
62
10 12 1658.26 18 1555.84 3 1370.32 40 1114.68 52 1103.07 28 743.559 46 539.65 54 325.388 43 228.252 26 211.729 
63
10 15 73.4635 5 44.9331 47 35.9083 59 23.6875 1 16.4547 39 9.72367 45 8.3117 56 5.80817 34 3.53607 42 2.95405 
